              precision    recall  f1-score   support

           0     0.8890    0.9480    0.9175       980
           1     0.9011    0.9877    0.9424      1135
           2     0.9791    0.5901    0.7364      1032
           3     0.6458    0.9891    0.7814      1010
           4     0.9822    0.7882    0.8746       982
           5     0.9389    0.8621    0.8989       892
           6     1.0000    0.7724    0.8716       958
           7     0.7232    0.9912    0.8363      1028
           8     0.9737    0.7228    0.8297       974
           9     0.8542    0.8999    0.8764      1009

    accuracy                         0.8572     10000
   macro avg     0.8887    0.8552    0.8565     10000
weighted avg     0.8870    0.8572    0.8566     10000
