              precision    recall  f1-score   support

           0     0.9329    0.9510    0.9419       980
           1     0.9859    0.9859    0.9859      1135
           2     0.9389    0.9380    0.9384      1032
           3     0.9127    0.9218    0.9172      1010
           4     0.9461    0.9654    0.9556       982
           5     0.8906    0.9126    0.9014       892
           6     0.8797    0.9843    0.9291       958
           7     0.9521    0.9280    0.9399      1028
           8     0.9271    0.8357    0.8790       974
           9     0.9472    0.8890    0.9172      1009

    accuracy                         0.9320     10000
   macro avg     0.9313    0.9312    0.9306     10000
weighted avg     0.9328    0.9320    0.9317     10000
