              precision    recall  f1-score   support

           0     0.9886    0.8827    0.9326       980
           1     0.9867    0.9841    0.9854      1135
           2     0.9891    0.8808    0.9318      1032
           3     0.8886    0.9634    0.9245      1010
           4     0.9629    0.9257    0.9439       982
           5     0.9879    0.7321    0.8410       892
           6     1.0000    0.8580    0.9236       958
           7     0.9144    0.9660    0.9395      1028
           8     0.8598    0.9189    0.8883       974
           9     0.7053    0.9960    0.8258      1009

    accuracy                         0.9141     10000
   macro avg     0.9283    0.9108    0.9136     10000
weighted avg     0.9281    0.9141    0.9154     10000
