              precision    recall  f1-score   support

           0     0.5570    0.3939    0.4614       980
           1     0.4959    0.8062    0.6141      1135
           2     0.3924    0.1095    0.1712      1032
           3     0.3921    0.6228    0.4813      1010
           4     0.3581    0.2454    0.2912       982
           5     0.5567    0.3576    0.4355       892
           6     0.2567    0.2484    0.2525       958
           7     0.3209    0.3268    0.3239      1028
           8     0.2534    0.5739    0.3516       974
           9     0.7431    0.1060    0.1856      1009

    accuracy                         0.3843     10000
   macro avg     0.4326    0.3791    0.3568     10000
weighted avg     0.4330    0.3843    0.3591     10000
